NGC3309 -25.21 6.96860544907e-06 1486467344.86 0.80236827395 5.53282509203e-09 8.39946114215e-15 herc_1024_test_2017-02-28-14:49:37_23.txt 159.148 -27.518
PGC200509 -26.01 8.94512858501e-06 1874691479.63 0.595366672692 3.25357148333e-09 4.30322026793e-15 herc_1063_test_2017-02-28-16:05:40_23.txt 263.932 -7.34800000003
NGC7213 -25.08 1.16156089342e-05 1037949932.82 0.318655620815 8.08447173623e-09 1.25140789681e-14 herc_1078_test_2017-02-28-14:49:37_2.txt 332.318 -47.167
NGC4649 -25.86 6.87590064951e-06 2003907592.29 0.689055711996 2.22666891901e-09 1.9617252623e-14 herc_1115_test_2017-02-28-16:05:40_14.txt 190.917 11.553
IC0227 -26.4 3.76864297222e-06 3728821984.16 0.710398943023 1.09500325905e-08 2.25411380225e-14 herc_1188_test_2017-02-28-16:05:40_7.txt 37.015 28.175
ESO185-054 -26.32 1.35614485221e-05 1846778779.01 0.847186878931 4.08491643367e-09 7.77081597979e-15 herc_1194_test_2017-02-28-16:05:40_15.txt 300.863 -55.947
NGC7012 -26.09 8.72599102892e-06 1931577199.5 0.396153877021 1.1812895251e-08 9.0886387763e-15 herc_1214_test_2017-02-28-14:49:37_17.txt 316.69 -44.815
NGC4472 -26.2 4.66000281619e-05 865039107.819 0.316278601039 3.78653726523e-09 6.98474650065e-15 herc_1249_test_2017-02-28-16:05:40_10.txt 187.445 8.00000000003
ESO377-046 -26.13 6.41497434967e-07 10767284965.7 0.682589353632 1.41257006987e-09 2.11367520107e-14 herc_124_test_2017-02-28-16:05:40_18.txt 171.471 -35.395
NGC4486 -25.78 6.8992375333e-06 2215072754.65 0.307542941969 4.75406438146e-09 3.85398744691e-14 herc_1270_test_2017-02-28-14:49:37_23.txt 187.706 12.391
NGC0315 -26.3 1.05778745843e-05 1897918570.54 0.495926299287 6.43915417266e-09 1.10036359297e-14 herc_127_test_2017-02-28-14:49:37_5.txt 14.454 30.352
UGC10971 -25.16 5.69447279022e-06 1764698847.52 0.51641733041 5.53282509203e-09 4.68806508882e-15 herc_1307_test_2017-02-28-14:49:37_23.txt 266.206 55.35
NGC1316 -25.9 6.85859499445e-06 2197113721.77 0.934832992376 2.22666891901e-09 2.42413957734e-14 herc_1313_test_2017-02-28-14:49:37_6.txt 50.674 -37.208
NGC4649 -25.86 9.63897650477e-06 1675167667.01 0.305248817506 2.79562213592e-09 1.73934757056e-14 herc_1315_test_2017-02-28-16:05:40_13.txt 190.917 11.553
PGC063832 -25.31 3.4754177185e-06 2534397518.07 0.377073738993 3.78653726523e-09 1.19675270643e-14 herc_131_test_2017-02-28-14:49:37_15.txt 299.054 40.434
NGC5557 -25.46 3.8532565237e-06 2280744361.64 0.457985768902 2.06402382425e-09 9.60590779677e-15 herc_1324_test_2017-02-28-14:49:37_13.txt 214.607 36.494
NGC6482 -25.61 1.44956442576e-05 1233770880.0 0.457351178861 3.78653726523e-09 4.30768382335e-15 herc_1329_test_2017-02-28-14:49:37_9.txt 267.953 23.072
UGC10654 -25.27 1.00994214555e-05 1326105401.06 0.379276072542 2.16712460159e-08 6.00304772564e-15 herc_1330_test_2017-02-28-14:49:37_1.txt 255.146 29.726
NGC7265 -25.94 1.16286733097e-05 1579737039.51 0.472826852876 4.75406438146e-09 5.55863917217e-15 herc_1377_test_2017-02-28-14:49:37_18.txt 335.615 36.21
UGC09958 -26.38 1.81032513797e-06 5865494581.24 0.387461917795 2.06402382425e-09 1.29575911517e-14 herc_1389_test_2017-02-28-14:49:37_2.txt 234.913 21.783
NGC6483 -25.06 8.49329453096e-06 1252420772.41 0.976974815992 5.53282509203e-09 4.90860786191e-15 herc_138_test_2017-02-28-14:49:37_4.txt 269.878 -63.6689999999
IC1633 -26.67 6.49780923026e-07 13027636716.2 0.59503655682 1.41257006987e-09 2.85478133216e-14 herc_1400_test_2017-02-28-14:49:37_6.txt 17.482 -45.931
IC4931 -26.03 1.46524624251e-05 1452002857.77 0.256887365605 6.94655957578e-09 5.92765155879e-15 herc_1422_test_2017-02-28-16:05:40_6.txt 300.21 -38.575
NGC7213 -25.08 1.16863542352e-05 1050469380.98 0.394837758319 3.50995294366e-09 7.06133316273e-15 herc_1428_test_2017-02-28-14:49:37_22.txt 332.318 -47.167
NGC6660 -25.59 1.23816358296e-05 1312790041.94 0.440912325573 4.75406438146e-09 5.20431792612e-15 herc_1438_test_2017-02-28-16:05:40_14.txt 278.653 22.91
NGC4709 -25.84 3.60740212033e-07 12988412055.2 0.94867431801 1.41257006987e-09 9.35461461269e-14 herc_1447_test_2017-02-28-16:05:40_18.txt 192.516 -41.382
ESO575-043 -25.72 3.86203174891e-06 2732853292.09 0.308055084323 4.08491643367e-09 9.76321623615e-15 herc_1452_test_2017-02-28-16:05:40_12.txt 194.939 -22.175
NGC7500 -26.05 6.51736898015e-06 2249476097.01 0.7838935968 6.43915417266e-09 6.77703565499e-15 herc_145_test_2017-02-28-14:49:37_7.txt 347.624 11.012
NGC4472 -26.2 5.04670762471e-05 835471553.705 0.284014562145 3.50995294366e-09 6.06970863125e-15 herc_146_test_2017-02-28-16:05:40_15.txt 187.445 8.00000000003
NGC3862 -25.51 4.02579708283e-06 2519699793.17 0.51256510209 3.01591718381e-09 7.19931694717e-15 herc_1474_test_2017-02-28-16:05:40_21.txt 176.271 19.606
NGC5061 -25.12 1.12714316362e-05 1173139797.9 0.975350592899 5.53282509203e-09 1.01586242462e-14 herc_1484_test_2017-02-28-14:49:37_6.txt 199.521 -26.837
NGC6085 -25.8 8.95894556397e-06 1684275313.68 0.941336575279 6.94655957578e-09 4.5561155881e-15 herc_1492_test_2017-02-28-14:49:37_23.txt 243.147 29.365
NGC5982 -25.03 1.92207785288e-05 817300760.292 0.514131047456 1.37479592218e-08 7.33997504854e-15 herc_1515_test_2017-02-28-14:49:37_12.txt 234.666 59.3559999998
NGC4526 -25.12 2.18755803081e-05 824015208.965 0.559198457567 4.08491643367e-09 6.83617698885e-15 herc_1528_test_2017-02-28-14:49:37_22.txt 188.513 7.699
IC4252 -26.59 5.68024203111e-06 3314265599.7 0.633874200036 1.09500325905e-08 1.42625160675e-14 herc_1564_test_2017-02-28-14:49:37_23.txt 201.867 -27.325
NGC2974 -25.95 9.74480508271e-06 1572317274.3 0.383187717796 2.40213044861e-09 1.0547350577e-14 herc_1566_test_2017-02-28-16:05:40_5.txt 145.639 -3.699
NGC1407 -25.12 5.02912439488e-06 1775533488.15 0.371160225993 7.49394852894e-09 3.21554949936e-14 herc_1599_test_2017-02-28-14:49:37_7.txt 55.05 -18.58
NGC4486 -25.78 4.01188372149e-06 2275890513.97 0.335802560739 2.06402382425e-09 2.2629799039e-14 herc_15_test_2017-02-28-14:43:13_34.txt 187.706 12.391
NGC5872 -26.2 1.38657722631e-05 1674523947.12 0.323463388737 1.1812895251e-08 8.13055052267e-15 herc_1631_test_2017-02-28-16:05:40_13.txt 227.732 -11.48
IC1459 -25.18 8.7789537264e-06 1142875884.72 0.516560560198 3.78653726523e-09 9.13911338572e-15 herc_1675_test_2017-02-28-16:05:40_13.txt 344.294 -36.463
NGC4486 -25.78 5.20920108774e-06 2236035824.26 0.316893157464 1.64396240769e-09 1.92220209246e-14 herc_1708_test_2017-02-28-16:05:40_14.txt 187.706 12.391
PGC200689 -25.99 6.69631735736e-06 2217383416.58 0.316981048665 7.49394852894e-09 6.81980984277e-15 herc_1725_test_2017-02-28-16:05:40_6.txt 265.709 -9.724
NGC4696 -26.7 2.11482934794e-05 1572788317.46 0.959256138828 4.75406438146e-09 7.77696942734e-15 herc_172_test_2017-02-28-16:05:40_12.txt 192.205 -41.311
NGC4889 -26.64 1.64025067034e-06 7177156462.34 0.269063985778 1.41257006987e-09 1.93111597443e-14 herc_1735_test_2017-02-28-14:49:37_22.txt 195.033875 27.977
IC1459 -25.18 1.15423449665e-05 1161624645.2 0.565749632371 3.01591718381e-09 8.10175112335e-15 herc_1759_test_2017-02-28-14:49:37_5.txt 344.294 -36.463
ESO185-054 -26.32 9.75081847055e-06 2021212060.82 0.431357932368 4.08491643367e-09 8.72344828113e-15 herc_1762_test_2017-02-28-14:49:37_12.txt 300.863 -55.947
NGC6921 -25.28 1.52504391823e-05 1019139173.66 0.846013007617 5.96881175595e-09 4.06098393367e-15 herc_1769_test_2017-02-28-14:49:37_22.txt 307.12 25.723
NGC5419 -26.31 2.40470693305e-05 1266138798.32 0.28354238722 9.40878467117e-09 8.84749369142e-15 herc_1796_test_2017-02-28-16:05:40_9.txt 210.911 -33.978
NGC4486 -25.78 4.67513343885e-06 2615780817.27 0.632469499568 1.41257006987e-09 1.85114063253e-14 herc_1811_test_2017-02-28-14:49:37_17.txt 187.706 12.391
PGC2790838 -25.51 2.97495939941e-06 2771458062.0 0.691544300435 3.25357148333e-09 5.85233909707e-15 herc_1818_test_2017-02-28-16:05:40_22.txt 240.553 15.908
NGC3091 -25.75 9.73815219085e-06 1603378768.32 0.841800522383 5.12868469481e-09 8.24809116912e-15 herc_1819_test_2017-02-28-14:49:37_7.txt 150.059 -19.636
ESO593-014 -26.08 1.24630289262e-05 1746548689.17 0.290627564915 6.94655957578e-09 4.10302599635e-15 herc_1844_test_2017-02-28-14:49:37_17.txt 291.01 -20.756
NCG1600 -24.88 7.31965344947e-07 7399660582.3 0.995848924605 1.41257006987e-09 4.01252586483e-14 herc_1858_test_2017-02-28-14:49:37_16.txt 67.9164170001 -5.08625
PGC023016 -25.75 1.42256442819e-06 5206013463.27 0.889068247051 3.01591718381e-09 1.28136076726e-14 herc_1881_test_2017-02-28-14:49:37_7.txt 123.185 16.888
NGC2426 -25.0 6.7976468138e-06 1609644151.65 0.843436212936 5.12868469481e-09 6.13441930935e-15 herc_1885_test_2017-02-28-16:05:40_10.txt 115.827 52.319
NGC5995 -25.84 6.71681543121e-07 7697246417.85 0.848833035636 8.08447173623e-09 8.4600033079e-14 herc_1891_test_2017-02-28-14:49:37_20.txt 237.104 -13.758
NGC4486 -25.78 4.981128917e-06 2489873825.34 0.476644712398 4.08491643367e-09 4.22039079877e-14 herc_1905_test_2017-02-28-14:49:37_4.txt 187.706 12.391
NGC5101 -25.25 1.35271310427e-05 938604248.997 0.353970329294 8.72152817724e-09 9.67150161206e-15 herc_1907_test_2017-02-28-16:05:40_15.txt 200.443 -27.431
NGC6768 -25.74 1.94469948349e-05 1149109254.82 0.560129674563 1.48312985244e-08 7.17780172966e-15 herc_1915_test_2017-02-28-16:05:40_23.txt 289.136 -40.209
NGC6051 -26.21 5.41755038856e-06 2759740611.41 0.623068848126 4.08491643367e-09 7.7425541644e-15 herc_1940_test_2017-02-28-14:49:37_6.txt 241.236 23.933
NGC5516 -25.77 1.62861770112e-05 1270199280.91 0.323373700139 1.09500325905e-08 8.78233798799e-15 herc_1940_test_2017-02-28-16:05:40_19.txt 213.978 -48.115
UGC11481 -25.17 2.63203718079e-06 2817542198.97 0.737907713795 2.40213044861e-09 9.12504140087e-15 herc_1949_test_2017-02-28-14:49:37_16.txt 297.335 4.154
NGC4884 -26.74 4.33953561384e-07 17424933098.2 0.398688712737 1.41257006987e-09 2.9405345642e-14 herc_201_test_2017-02-28-14:49:37_1.txt 195.034 27.977
ESO137-006 -26.14 1.27273114287e-05 1669122510.06 0.510012927472 4.75406438146e-09 6.94616148923e-15 herc_215_test_2017-02-28-14:49:37_22.txt 243.766 -60.9069999999
IC4329 -26.12 1.7367642689e-05 1336394776.75 0.972110243048 6.43915417266e-09 6.33179245799e-15 herc_218_test_2017-02-28-14:49:37_2.txt 207.272 -30.296
PGC2459637 -25.9 2.08894097678e-06 4281533458.4 0.382762899667 2.59141834822e-09 9.31487406205e-15 herc_21_test_2017-02-28-14:49:37_46.txt 5.83700000001 54.095
PGC004392 -25.62 4.34574244217e-06 2521053904.65 0.280647938411 1.60000049732e-08 1.1083361157e-14 herc_23_test_2017-02-28-14:49:37_9.txt 18.315 15.517
NGC0750 -25.73 9.52095632672e-06 1662689345.56 0.370851570249 8.08447173623e-09 1.00885734592e-14 herc_247_test_2017-02-28-16:05:40_19.txt 29.386 33.209
NGC4486 -25.78 4.77654284031e-06 2360445747.46 0.381914675801 1.52388060329e-09 2.01459304133e-14 herc_261_test_2017-02-28-14:49:37_23.txt 187.706 12.391
NGC1316 -25.9 3.17061842669e-05 886732229.052 0.373224506272 8.72152817724e-09 1.31437722733e-14 herc_263_test_2017-02-28-14:49:37_6.txt 50.674 -37.208
PGC068032 -25.22 3.80932341379e-06 1972321775.84 0.896247064524 1.1812895251e-08 5.88385086055e-15 herc_271_test_2017-02-28-16:05:40_17.txt 331.586 1.121
NGC4472 -26.2 2.66368653583e-05 1044525288.29 0.971032520472 3.25357148333e-09 8.59255330364e-15 herc_275_test_2017-02-28-14:49:37_21.txt 187.445 8.00000000003
NGC5306 -26.23 4.6477315028e-06 3309756528.68 0.522322444108 2.59141834822e-09 9.84749375224e-15 herc_278_test_2017-02-28-14:49:37_9.txt 207.298 -7.224
NGC6903 -25.02 1.21891991617e-05 1077392946.77 0.364327717327 4.75406438146e-09 5.17568832863e-15 herc_2_test_2017-02-28-14:43:13_32.txt 305.937 -19.325
PGC2817045 -25.84 1.51829644021e-06 5241301332.88 0.312876397052 1.91325899899e-09 1.44249838443e-14 herc_307_test_2017-02-28-14:49:37_9.txt 258.119 -9.124
NGC4889 -26.64 1.29289963537e-06 7908332191.09 0.366964075972 1.41257006987e-09 2.91701268432e-14 herc_310_test_2017-02-28-16:05:40_15.txt 195.033875 27.977
NGC7647 -26.24 6.27295711106e-06 2572258144.8 0.570634202968 9.40878467117e-09 9.0666769617e-15 herc_315_test_2017-02-28-16:05:40_23.txt 350.989 16.777
NGC6660 -25.59 1.74839698638e-05 1061411131.67 0.606700250082 1.1812895251e-08 6.50744033511e-15 herc_316_test_2017-02-28-14:49:37_20.txt 278.653 22.91
ESO137-008 -26.15 1.0150020903e-05 1807004311.92 0.392980738177 3.01591718381e-09 5.81563475449e-15 herc_321_test_2017-02-28-16:05:40_6.txt 243.942 -60.9189999999
NGC4649 -25.86 7.6612628625e-06 1848492469.89 0.434358866328 1.91325899899e-09 1.55985471092e-14 herc_359_test_2017-02-28-14:49:37_5.txt 190.917 11.553
IC1459 -25.18 1.12970037011e-05 1205680166.78 0.764359087283 3.01591718381e-09 8.43194184547e-15 herc_35_test_2017-02-28-14:49:37_15.txt 344.294 -36.463
PGC033440 -25.87 2.21339464399e-06 4365970496.71 0.366353997271 6.94655957578e-09 1.55731130414e-14 herc_363_test_2017-02-28-16:05:40_23.txt 166.061 57.4029999999
NGC3923 -25.51 1.8019125204e-05 987751162.505 0.786942901323 4.75406438146e-09 8.32575324285e-15 herc_36_test_2017-02-28-16:05:40_10.txt 177.757 -28.806
NGC4382 -25.45 9.20641110654e-06 1451815452.97 0.835521089797 3.25357148333e-09 1.5174932769e-14 herc_385_test_2017-02-28-16:05:40_6.txt 186.35 18.191
NGC6078 -25.63 7.7870621966e-06 1705392236.87 0.621515713801 5.96881175595e-09 4.34009168552e-15 herc_39_test_2017-02-28-14:49:37_39.txt 243.023 14.209
NGC4760 -25.47 8.14037993167e-06 1584995765.44 0.810643459963 3.50995294366e-09 5.87048200552e-15 herc_42_test_2017-02-28-14:49:37_38.txt 193.28 -10.494
NGC5557 -25.46 1.09180027729e-05 1347482351.94 0.434358866328 3.25357148333e-09 5.33708394256e-15 herc_442_test_2017-02-28-14:49:37_13.txt 214.607 36.494
NGC4649 -25.86 9.95141378984e-06 1669072774.19 0.301797828573 4.08491643367e-09 2.19677642015e-14 herc_451_test_2017-02-28-14:49:37_17.txt 190.917 11.553
ESO185-054 -26.32 1.88673019072e-05 1532888144.44 0.88513216385 1.01501969826e-08 1.00163072325e-14 herc_457_test_2017-02-28-14:49:37_24.txt 300.863 -55.947
ESO137-008 -26.15 9.06280458384e-07 8226128233.17 0.601673787432 1.41257006987e-09 2.37637254212e-14 herc_47_test_2017-02-28-16:05:40_15.txt 243.942 -60.9189999999
UGC09667 -25.98 6.87160367408e-06 2330467399.24 0.328708114364 4.08491643367e-09 4.92625029455e-15 herc_485_test_2017-02-28-14:49:37_20.txt 225.582 5.647
PGC028068 -25.5 1.51939410526e-06 4427898875.4 0.42518223683 2.79562213592e-09 8.93420764739e-15 herc_490_test_2017-02-28-16:05:40_11.txt 146.689 54.427
NGC4936 -25.55 1.15849801447e-05 1302537579.91 0.990890373314 3.50995294366e-09 6.17166064448e-15 herc_507_test_2017-02-28-14:49:37_24.txt 196.071 -30.526
NGC5018 -25.4 2.10896471629e-05 899100495.006 0.726536821368 1.09500325905e-08 7.53703286708e-15 herc_50_test_2017-02-28-14:43:13_34.txt 198.254 -19.518
NGC7016 -25.68 8.27387255762e-06 1819190473.15 0.997507282976 5.96881175595e-09 4.28347669635e-15 herc_516_test_2017-02-28-16:05:40_14.txt 316.818 -25.469
NGC5328 -25.84 3.41543371672e-06 3231272305.33 0.594871567531 2.22666891901e-09 1.25591831989e-14 herc_516_test_2017-02-28-16:05:40_21.txt 208.222 -28.489
UGC08782 -25.6 3.34439852896e-06 2779445126.29 0.92657392941 4.08491643367e-09 5.41012693919e-15 herc_523_test_2017-02-28-14:49:37_20.txt 208.074 31.446
NGC1316 -25.9 6.96966092661e-06 2147808965.61 0.738726697491 2.22666891901e-09 2.31151372466e-14 herc_524_test_2017-02-28-14:49:37_15.txt 50.674 -37.208
NGC4486 -25.78 5.94012714329e-06 2156899387.44 0.283463767753 2.22666891901e-09 2.24453150845e-14 herc_541_test_2017-02-28-14:49:37_18.txt 187.706 12.391
IC4765 -25.96 1.88733489944e-05 1191966544.11 0.26506477831 1.1812895251e-08 7.75682379493e-15 herc_550_test_2017-02-28-14:49:37_9.txt 281.826 -63.331
NGC4382 -25.45 3.50682299726e-05 713143177.564 0.373431564698 1.86209571191e-08 1.42110208645e-14 herc_595_test_2017-02-28-14:49:37_6.txt 186.35 18.191
NGC4472 -26.2 2.84739395453e-05 1044614354.78 0.982953475769 4.4068078831e-09 1.06420877796e-14 herc_600_test_2017-02-28-14:49:37_17.txt 187.445 8.00000000003
NGC4472 -26.2 2.48009367104e-05 1041533595.52 0.86811567168 5.96881175595e-09 1.30472480083e-14 herc_628_test_2017-02-28-14:49:37_4.txt 187.445 8.00000000003
PGC066639 -25.88 4.47167298295e-06 2714466352.45 0.722518393833 9.40878467117e-09 8.5843533217e-15 herc_628_test_2017-02-28-16:05:40_23.txt 320.508 8.547
IC4731 -25.08 0.000106466911343 296706833.543 0.261125012689 2.00882886971e-08 1.13513481038e-15 herc_639_test_2017-02-28-14:49:37_23.txt 279.679 -62.9429999998
NGC4486 -25.78 5.50070123518e-06 2444172762.05 0.438716925923 2.06402382425e-09 2.54985455422e-14 herc_684_test_2017-02-28-16:05:40_23.txt 187.706 12.391
NGC4649 -25.86 9.93734723368e-06 1673089200.11 0.304066016824 7.49394852894e-09 3.25014086211e-14 herc_691_test_2017-02-28-16:05:40_5.txt 190.917 11.553
NGC4486 -25.78 4.5195707311e-06 2559559901.12 0.549666067511 1.41257006987e-09 1.78942647665e-14 herc_70_test_2017-02-28-14:49:37_13.txt 187.706 12.391
NGC4382 -25.45 4.7853740584e-06 2216507285.63 0.843436212936 1.91325899899e-09 2.09990873956e-14 herc_750_test_2017-02-28-14:49:37_23.txt 186.35 18.191
NGC4486 -25.78 4.35822071686e-06 2621468454.04 0.642902797929 1.41257006987e-09 1.8567271251e-14 herc_766_test_2017-02-28-14:49:37_17.txt 187.706 12.391
NGC5084 -25.01 1.5431231178e-05 871083634.246 0.784328487253 6.94655957578e-09 8.60534984517e-15 herc_771_test_2017-02-28-14:49:37_18.txt 200.07 -21.828
IC4742 -25.63 9.96279530618e-07 6207665393.72 0.552263500055 1.64396240769e-09 3.31963631028e-14 herc_772_test_2017-02-28-14:49:37_5.txt 280.469 -63.8620000001
NGC4382 -25.45 2.06276137404e-05 935990797.078 0.666687700469 5.53282509203e-09 1.03987573687e-14 herc_789_test_2017-02-28-16:05:40_21.txt 186.35 18.191
ESO284-037 -25.12 2.12123798693e-06 3128022575.0 0.356630624584 3.50995294366e-09 8.82615108679e-15 herc_791_test_2017-02-28-16:05:40_18.txt 303.982 -46.151
NGC4125 -25.19 3.60960531512e-05 549358516.161 0.624799105376 5.53282509203e-09 3.39665477558e-15 herc_803_test_2017-02-28-16:05:40_17.txt 182.025 65.1739999997
NGC1316 -25.9 5.93989970879e-06 2409917274.18 0.35123246324 2.06402382425e-09 2.68063064336e-14 herc_80_test_2017-02-28-14:49:37_16.txt 50.674 -37.208
NGC5883 -25.81 3.95920039361e-06 3070031399.5 0.744072292741 2.22666891901e-09 7.33176276772e-15 herc_839_test_2017-02-28-14:49:37_9.txt 228.792 -14.617
NGC4486 -25.78 4.09635744864e-06 2650737767.69 0.707057760174 1.77350665928e-09 2.65209202906e-14 herc_83_test_2017-02-28-16:05:40_23.txt 187.706 12.391
NGC4382 -25.45 1.18502455037e-05 1289658296.84 0.740367392794 3.01591718381e-09 1.14606345838e-14 herc_864_test_2017-02-28-14:49:37_1.txt 186.35 18.191
PGC957265 -25.75 5.36967180084e-06 2355232936.58 0.308311475232 3.50995294366e-09 5.9441028668e-15 herc_896_test_2017-02-28-16:05:40_13.txt 262.352 -12.13
NGC5018 -25.4 1.36430285264e-06 4822885438.03 0.280959421922 1.41257006987e-09 1.70970821442e-14 herc_907_test_2017-02-28-16:05:40_19.txt 198.254 -19.518
IC1459 -25.18 1.15000864649e-05 1216721909.23 0.899483943697 4.4068078831e-09 1.10227429414e-14 herc_922_test_2017-02-28-16:05:40_15.txt 344.294 -36.463
NGC4472 -26.2 4.14899088448e-05 927142956.442 0.403807146256 3.78653726523e-09 7.74187319421e-15 herc_928_test_2017-02-28-14:49:37_5.txt 187.445 8.00000000003
NCG1600 -24.88 7.7916504393e-07 7307894821.2 0.74904101509 1.77350665928e-09 4.86259166114e-14 herc_929_test_2017-02-28-14:49:37_2.txt 67.9164170001 -5.08625
NGC5846 -25.17 2.86275694313e-05 720303292.883 0.377492242877 4.75406438146e-09 4.77162717064e-15 herc_931_test_2017-02-28-14:49:37_15.txt 226.622 1.605
NGC4767 -25.82 7.96001237533e-06 1829148729.85 0.448683101194 5.53282509203e-09 9.95753446378e-15 herc_94_test_2017-02-28-14:49:37_24.txt 193.471 -39.714
NGC6185 -25.99 6.12612978917e-06 2352614611.73 0.56810789106 4.4068078831e-09 5.67727939359e-15 herc_95_test_2017-02-28-14:49:37_4.txt 248.324 35.342
NGC4472 -26.2 5.18128581009e-05 868692686.569 0.320605654236 3.78653726523e-09 7.00085405511e-15 herc_965_test_2017-02-28-14:49:37_17.txt 187.445 8.00000000003
ESO536-002 -25.36 5.43581184578e-06 1914391567.87 0.751954744918 9.40878467117e-09 8.83247238436e-15 herc_966_test_2017-02-28-14:49:37_13.txt 350.504 -23.507
PGC059108 -25.63 2.14138375178e-05 980922071.705 0.351135074948 5.96881175595e-09 3.54023092648e-15 herc_981_test_2017-02-28-16:05:40_7.txt 252.728 -61.8130000003
NGC4649 -25.86 9.5322021331e-06 1703226932.25 0.32185279323 2.59141834822e-09 1.63938435798e-14 herc_997_test_2017-02-28-14:49:37_6.txt 190.917 11.553
