1.412570069873393095e-09
1.523880603294218975e-09
1.643962407687485862e-09
1.773506659279819563e-09
1.913258998990314145e-09
2.064023824248784813e-09
2.226668919009290611e-09
2.402130448608818690e-09
2.591418348220779607e-09
2.795622135918776397e-09
3.015917183809789085e-09
3.253571483332779283e-09
3.509952943662757127e-09
3.786537265229274358e-09
4.084916433668159736e-09
4.406807883096827389e-09
4.754064381455577410e-09
5.128684694814027922e-09
5.532825092025008095e-09
5.968811755945073547e-09
6.439154172659517817e-09
6.946559575778294153e-09
7.493948528942742847e-09
8.084471736233688470e-09
8.721528177240127530e-09
9.408784671171305708e-09
1.015019698262119820e-08
1.095003259046703717e-08
1.181289525095758910e-08
1.274375149637290238e-08
1.374795922177859216e-08
1.483129852441655167e-08
1.600000497324020685e-08
1.726080550008897888e-08
1.862095711908812537e-08
2.008828869713702069e-08
2.167124601591287542e-08
2.337894038476030361e-08
2.522120108427703784e-08
2.720863194245480914e-08
2.935267236902064642e-08
3.166566319928456715e-08
3.416091772648292768e-08
3.685279833147165416e-08
3.975679915083900061e-08
4.288963525926735036e-08
4.626933887946473780e-08
4.991536317344102776e-08
5.384869421253617342e-08
5.809197177068914212e-08
6.266961963621580275e-08
6.760798619215769040e-08
7.293549607436226345e-08
7.868281378022125202e-08
8.488302016977945556e-08
9.157180287513259436e-08
9.878766171408654563e-08
1.065721302904144622e-07
1.149700150562179916e-07
1.240296532124014175e-07
1.338031909317089233e-07
1.443468835057358057e-07
1.557214191435303217e-07
1.679922682855257596e-07
1.812300604434131136e-07
1.955109907350002400e-07
2.109172584540217480e-07
2.275375401992519886e-07
2.454675002861957810e-07
2.648103413792265698e-07
2.856773985135419267e-07
3.081887799260521481e-07
3.324740583837474447e-07
3.586730169887515154e-07
3.869364537528146074e-07
4.174270495722835059e-07
4.503203045995089189e-07
4.858055484003289243e-07
5.240870297119669255e-07
5.653850920738601542e-07
6.099374420982119411e-07
6.580005176802744593e-07
7.098509640236091077e-07
7.657872259761487957e-07
8.261312658423587377e-07
8.912304165590216753e-07
